nClients,nServers,printAfter,maxRequests,backoffInitial,backoffMultiplier,backoffReducer
2,3,1000,500,0,1.2,30
ticked updates:
0
104
159
199
229
259
284
309
334
354
374
394
409
429
444
459
479
494
504
519
534
549
559
574
584
599
609
624
634
644
654
669
679
689
699
709
719
729
739
749
759
769
779
785
794
804
814
824
829
839
849
859
864
874
884
889
899
904
914
924
929
939
944
954
959
970
975
985
990
997
999
1000
71.0 seconds
*Inc/-Dec backoff: Initially 0ms, *1.2 on preemption, -30ms on adoption.
